$ 1 0.000005 10.20027730826997 50 5 50 5e-11
156 1280 928 1328 928 0 0
156 1408 928 1456 928 0 5
156 1536 928 1584 928 0 0
156 1664 928 1712 928 0 0
419 2320 608 2368 608 0 8
R 1280 960 1232 960 1 2 200 2.5 2.5 0 0.5
w 1632 928 1632 960 0
w 1632 960 1664 960 0
w 1504 928 1504 960 0
w 1504 960 1536 960 0
w 1376 928 1376 960 0
w 1376 960 1408 960 0
w 1280 928 1264 928 0
w 1264 928 1264 992 0
w 1280 992 1264 992 0
w 1264 992 1264 1024 0
w 1264 1024 1392 1024 0
w 1392 928 1408 928 0
w 1392 1024 1392 992 0
w 1392 992 1408 992 0
w 1392 992 1392 928 0
w 1392 1024 1520 1024 0
w 1520 1024 1520 992 0
w 1520 992 1536 992 0
w 1520 992 1520 928 0
w 1520 928 1536 928 0
w 1520 1024 1648 1024 0
w 1648 1024 1648 992 0
w 1648 992 1664 992 0
w 1648 992 1648 928 0
w 1648 928 1664 928 0
R 1264 1024 1232 1024 0 0 40 5 0 0 0.5
419 2688 1136 2736 1136 0 8
155 1536 1440 1728 1440 0 0
R 1536 1472 1488 1472 1 2 200 2.5 2.5 0 0.5
155 1680 1440 1872 1440 0 0
155 1824 1440 2016 1440 0 0
155 1968 1440 2160 1440 0 0
w 1632 1440 1632 1472 0
w 1920 1440 1920 1472 0
w 1920 1472 1968 1472 0
w 1632 1472 1680 1472 0
w 1776 1440 1776 1472 0
w 1776 1472 1824 1472 0
w 1632 1504 1632 1536 0
w 1776 1504 1776 1536 0
w 1776 1536 1680 1536 0
w 1680 1536 1680 1440 0
w 1920 1504 1920 1536 0
w 1920 1536 1824 1536 0
w 1824 1536 1824 1440 0
w 2064 1504 2064 1536 0
w 2064 1536 1968 1536 0
w 1968 1536 1968 1440 0
w 1632 1536 1536 1536 0
w 1536 1536 1536 1440 0
w 2032 928 2048 928 0
w 2032 992 2032 928 0
w 2032 992 2048 992 0
w 2032 1024 2032 992 0
w 1904 1024 2032 1024 0
w 1904 928 1920 928 0
w 1904 992 1904 928 0
w 1904 992 1920 992 0
w 1904 1024 1904 992 0
w 1776 1024 1904 1024 0
w 1776 992 1776 928 0
w 1776 992 1792 992 0
w 1776 1024 1776 992 0
w 1776 928 1792 928 0
w 1648 1024 1776 1024 0
w 1760 960 1792 960 0
w 1760 928 1760 960 0
w 1888 960 1920 960 0
w 1888 928 1888 960 0
w 2016 960 2048 960 0
w 2016 928 2016 960 0
156 2048 928 2096 928 0 5
156 1920 928 1968 928 0 5
156 1792 928 1840 928 0 5
M 1376 832 1264 832 2 2.5
w 1376 928 1376 832 0
w 1504 800 1504 928 0
w 1632 928 1632 768 0
w 1760 928 1760 736 0
w 1888 928 1888 704 0
w 2016 928 2016 672 0
156 2176 928 2224 928 0 5
w 2144 928 2144 960 0
w 2144 960 2176 960 0
w 2032 1024 2160 1024 0
w 2160 1024 2160 992 0
w 2160 992 2176 992 0
w 2160 992 2160 928 0
w 2160 928 2176 928 0
w 1376 832 2320 832 0
w 1504 800 2320 800 0
w 1632 768 2320 768 0
w 1760 736 2320 736 0
w 1888 704 2320 704 0
w 2016 672 2320 672 0
w 2144 928 2144 640 0
w 2144 640 2320 640 0
w 2272 928 2272 608 0
w 2272 608 2320 608 0
M 1504 800 1264 800 2 2.5
M 1632 768 1264 768 2 2.5
M 1760 736 1264 736 2 2.5
M 1888 704 1264 704 2 2.5
M 2016 672 1264 672 2 2.5
M 2144 640 1264 640 2 2.5
M 2272 608 1264 608 2 2.5
w 2112 1536 2112 1440 0
w 2208 1536 2112 1536 0
w 2544 1536 2544 1440 0
w 2640 1536 2544 1536 0
w 2640 1504 2640 1536 0
w 2400 1536 2400 1440 0
w 2496 1536 2400 1536 0
w 2496 1504 2496 1536 0
w 2256 1536 2256 1440 0
w 2352 1536 2256 1536 0
w 2352 1504 2352 1536 0
w 2208 1504 2208 1536 0
w 2352 1472 2400 1472 0
w 2352 1440 2352 1472 0
w 2208 1472 2256 1472 0
w 2496 1472 2544 1472 0
w 2496 1440 2496 1472 0
w 2208 1440 2208 1472 0
155 2544 1440 2736 1440 0 0
155 2400 1440 2592 1440 0 5
155 2256 1440 2448 1440 0 5
155 2112 1440 2304 1440 0 0
w 2064 1440 2064 1472 0
w 2064 1472 2112 1472 0
w 2640 1440 2640 1136 0
w 2640 1136 2688 1136 0
w 2496 1440 2496 1168 0
w 2496 1168 2688 1168 0
w 2352 1440 2352 1200 0
w 2352 1200 2688 1200 0
w 2208 1440 2208 1232 0
w 2208 1232 2688 1232 0
w 2688 1264 2064 1264 0
w 2064 1264 2064 1440 0
w 2688 1296 1920 1296 0
w 1920 1296 1920 1440 0
w 2688 1328 1776 1328 0
w 1776 1328 1776 1440 0
w 2688 1360 1632 1360 0
w 1632 1360 1632 1440 0
M 1632 1360 1504 1360 2 2.5
M 1776 1328 1504 1328 2 2.5
M 1920 1296 1504 1296 2 2.5
M 2064 1264 1504 1264 2 2.5
M 2208 1232 1504 1232 2 2.5
M 2352 1200 1504 1200 2 2.5
M 2496 1168 1504 1168 2 2.5
M 2640 1136 1504 1136 2 2.5
