$ 3 0.000005 382.76258214399064 99 5 50 5e-11
164 3552 1192 3744 1192 0 4 0 5 0 0 false 0
419 3768 1192 3872 1192 0 4
150 3704 1392 3552 1392 0 2 0 5
w 3552 1392 3552 1288 0
w 3648 1224 3768 1224 0
w 3496 1112 3496 624 0
w 3480 1392 3480 912 0
w 3648 1288 3768 1288 0
w 3704 1376 3704 1256 0
w 3648 1256 3704 1256 0
w 3704 1256 3768 1256 0
w 3648 1192 3728 1192 0
w 3728 1192 3728 1408 0
w 3728 1192 3768 1192 0
w 3744 912 3784 912 0
w 3744 1128 3720 1128 0
w 3744 912 3744 1128 0
w 3664 912 3744 912 0
w 3720 976 3784 976 0
w 3664 976 3720 976 0
w 3720 1096 3720 976 0
w 3664 1008 3784 1008 0
w 3664 944 3784 944 0
w 3568 1112 3568 1008 0
150 3720 1112 3568 1112 0 2 0 5
419 3784 912 3888 912 0 4
164 3568 912 3760 912 0 4 5 0 0 0 false 0
w 3496 1112 3568 1112 0
w 3568 912 3480 912 0
w 3736 624 3776 624 0
w 3736 624 3736 840 0
w 3656 624 3736 624 0
w 3712 688 3776 688 0
w 3656 688 3712 688 0
w 3712 808 3712 688 0
w 3656 720 3776 720 0
w 3656 656 3776 656 0
w 3560 824 3560 720 0
150 3712 824 3560 824 0 2 0 5
419 3776 624 3880 624 0 4
164 3560 624 3752 624 0 4 0 0 0 5 false 0
w 3736 840 3712 840 0
w 3496 624 3560 624 0
w 3728 1408 3704 1408 0
w 3480 1392 3552 1392 0
150 3480 1192 3552 1192 1 2 0 5
R 3480 1184 3432 1184 1 2 200 2.5 2.5 0 0.5
I 3352 1200 3480 1200 0 0.5 5
w 3552 1240 3552 1192 0
w 3080 1208 3352 1200 0
w 3104 1288 3104 1240 0
w 3080 1752 3080 1208 0
w 3104 1240 3552 1240 0
w 2704 624 2856 624 0
w 2704 656 2856 656 0
w 2736 752 2856 752 0
w 2752 720 2856 720 0
w 2768 688 2856 688 0
w 2768 688 2704 688 0
w 2768 1120 2768 688 0
w 2704 1120 2768 1120 0
w 2752 720 2704 720 0
w 2752 1104 2752 720 0
w 2704 1104 2752 1104 0
w 2736 752 2704 752 0
w 2736 1088 2736 752 0
w 2704 1088 2736 1088 0
w 2720 816 2856 816 0
w 2704 784 2856 784 0
w 2720 816 2704 816 0
w 2720 1072 2720 816 0
w 2704 1072 2720 1072 0
w 2704 848 2856 848 0
w 2704 880 2856 880 0
w 2704 1056 2704 880 0
w 2704 912 2856 912 0
w 2704 944 2856 944 0
w 2704 976 2856 976 0
w 3224 600 3280 600 0
w 3208 632 3280 632 0
w 3192 664 3280 664 0
w 3240 568 3280 568 0
w 3144 536 3280 536 0
w 3176 696 3280 696 0
w 3144 728 3280 728 0
w 3160 760 3280 760 0
w 3144 792 3280 792 0
w 3144 824 3280 824 0
w 3144 856 3280 856 0
w 3144 888 3280 888 0
w 3240 568 3144 568 0
w 3240 1048 3240 568 0
w 3160 1048 3240 1048 0
w 3224 600 3144 600 0
w 3224 1032 3224 600 0
w 3160 1032 3224 1032 0
w 3208 632 3144 632 0
w 3208 1016 3208 632 0
w 3160 1016 3208 1016 0
w 3192 664 3144 664 0
w 3192 984 3192 664 0
w 3160 984 3192 984 0
w 3176 696 3144 696 0
w 3176 968 3176 696 0
w 3160 968 3176 968 0
w 3160 760 3160 952 0
w 3144 760 3160 760 0
I 2584 544 2976 544 0 0.5 5
R 2976 528 2928 528 1 2 200 2.5 2.5 0 0.5
150 2976 536 3048 536 1 2 0 5
w 3048 576 3048 536 0
w 2608 576 3048 576 0
w 2608 624 2608 576 0
w 2584 1088 2584 544 0
164 2608 624 2800 624 0 12 0 0 0 0 5 0 5 5 5 0 0 0 false 0
419 2856 624 2960 624 0 12
150 2704 1088 2584 1088 0 5 0 5
w 3048 888 3024 888 0
w 3024 1000 3024 888 0
w 3040 1000 3024 1000 0
150 3160 1000 3040 1000 0 6 0 5
419 3280 536 3384 536 0 12
164 3048 536 3240 536 0 12 0 0 0 0 5 0 5 5 5 0 0 0 false 0
150 3200 1752 3080 1752 0 5 0 5
419 3352 1288 3456 1288 0 12
164 3104 1288 3296 1288 0 12 0 0 0 0 5 0 5 5 5 0 0 0 false 0
w 3200 1640 3352 1640 0
w 3200 1608 3352 1608 0
w 3200 1576 3352 1576 0
w 3200 1720 3200 1544 0
w 3200 1544 3352 1544 0
w 3200 1512 3352 1512 0
w 3200 1736 3216 1736 0
w 3216 1736 3216 1480 0
w 3216 1480 3200 1480 0
w 3200 1448 3352 1448 0
w 3216 1480 3352 1480 0
w 3200 1752 3232 1752 0
w 3232 1752 3232 1416 0
w 3232 1416 3200 1416 0
w 3200 1768 3248 1768 0
w 3248 1768 3248 1384 0
w 3248 1384 3200 1384 0
w 3200 1784 3264 1784 0
w 3264 1784 3264 1352 0
w 3264 1352 3200 1352 0
w 3264 1352 3352 1352 0
w 3248 1384 3352 1384 0
w 3232 1416 3352 1416 0
w 3200 1320 3352 1320 0
w 3200 1288 3352 1288 0
164 3560 328 3752 328 0 4 0 0 0 0 false 0
419 3776 328 3880 328 0 4
150 3712 528 3560 528 0 1 0 5
w 3560 528 3560 424 0
w 3560 328 3536 328 0
w 3536 328 3536 824 0
w 3536 824 3560 824 0
w 3656 328 3776 328 0
w 3656 360 3776 360 0
w 3712 528 3712 392 0
w 3656 392 3712 392 0
w 3712 392 3776 392 0
w 3656 424 3776 424 0
